6216.77
6276.06
6299.99
6318.05
6331.42
6344.15
6355.12
6365.54
6375.05
6384.06
6392.47
6400.41
6407.88
6414.94
6421.6
6427.89
6433.82
6439.42
6444.7
6449.67
6454.37
6458.79
6462.96
6466.89
6470.59
6474.08
6477.36
6480.46
6483.38
6486.13
6488.72
6491.17
6493.49
6495.67
6497.73
6499.68
6501.52
6503.26
6504.91
6506.47
6507.95
6509.36
6510.69
6511.95
6513.15
6514.29
6515.37
6516.4
6517.38
6518.31
6519.2
6520.04
6520.85
6521.61
6522.35
6523.05
6523.71
6524.35
6524.96
6525.54
6526.09
6526.62
6527.13
6527.62
6528.08
6528.53
6528.95
6529.36
6529.75
6530.12
6530.48
6530.82
6531.15
6531.46
6531.77
6532.05
6532.33
6532.6
6532.85
6533.1
6533.33
6533.55
6533.77
6533.98
6534.17
6534.36
6534.55
6534.72
6534.89
6535.05
6535.21
6535.35
6535.5
6535.63
6535.76
6535.89
6536.01
6536.13
6536.24
6536.35
6536.45
6536.55
6536.64
6536.73
6536.82
6536.9
6536.98
6537.06
6537.13
6537.21
6537.27
6537.34
6537.4
6537.46
6537.52
6537.58
6537.63
6537.68
6537.73
6537.78
6537.82
6537.87
6537.91
6537.95
6537.99
6538.03
6538.06
6538.1
6538.13
6538.16
6538.19
6538.22
6538.25
6538.27
6538.3
6538.32
6538.35
6538.37
6538.39
6538.41
6538.43
6538.45
6538.47
6538.49
6538.51
6538.52
6538.54
6538.56
6538.57
6538.58
6538.6
6538.61
6538.62
6538.64
6538.65
6538.66
6538.67
6538.68
6538.69
6538.7
6538.71
6538.72
6538.72
6538.73
6538.74
6538.75
6538.75
6538.76
6538.77
6538.77
6538.78
6538.78
6538.79
6538.8
6538.8
6538.81
6538.81
6538.82
6538.82
6538.82
6538.83
6538.83
6538.84
6538.84
6538.84
6538.85
6538.85
6538.85
6538.85
6538.86
6538.86
6538.86
6538.87
6538.87
6538.87
6538.87
6538.87
6538.88
6538.88
6538.88
6538.88
6538.88
6538.89
6538.89
6538.89
6538.89
6538.89
6538.89
6538.89
6538.9
6538.9
6538.9
6538.9
6538.9
6538.9
6538.9
6538.9
6538.9
6538.9
6538.91
6538.91
6538.91
6538.91
6538.91
6538.91
6538.91
6538.91
6538.91
6538.91
6538.91
6538.91
6538.91
6538.91
6538.91
6538.91
6538.91
6538.92
6538.92
6538.92
6538.92
6538.92
6538.92
6538.92
6538.92
6538.92
6538.92
6538.92
6538.92
6538.92
6538.92
6538.92
6538.92
6538.92
6538.92
6538.92
6538.92
6538.92
6538.92
6538.92
6538.92
6538.92
6538.92
6538.92
6538.92
6538.92
6538.92
6538.92
6538.92
6538.92
6538.92
6538.92
6538.92
6538.92
6538.92
6538.92
6538.92
6538.92
6538.92
6538.92
6538.92
6538.92
6538.92
6538.92
6538.92
6538.92
6538.92
6538.92
6538.92
6538.92
6538.92
6538.92
6538.92
6538.92
6538.92
6538.92
6538.92
6538.92
6538.93
6538.93
6538.93
6538.93
6538.93
6538.93
6538.93
6538.93
6538.93
6538.93
6538.93
6538.93
6538.93
6538.93
6538.93
6538.93
6538.93
6538.93
6538.93
6538.93
6538.93
6538.93
6538.93
6538.93
6538.93
6538.93
6538.93
6538.93
6538.93
6538.93
6538.93
6538.93
6538.93
6538.93
6538.93
6538.93
6538.93
6538.93
6538.93
6538.93
6538.93
6538.93
6538.93
6538.93
6538.93
6538.93
6538.93
6538.93
6538.93
6538.93
6538.93
6538.93
6538.93
6538.93
6538.93
6538.93
6538.93
6538.93
6538.93
6538.93
6538.93
6538.93
6538.93
6538.93
6538.93
6538.93
6538.93
6538.93
6538.93
6538.93
6538.93
6538.93
6538.93
6538.93
6538.93
6538.93
6538.93
6538.93
6538.93
6538.93
6538.93
6538.93
6538.93
6538.93
6538.93
6538.93
6538.93
6538.93
6538.93
6538.93
6538.93
6538.93
6538.93
6538.93
6538.93
6538.93
6538.93
6538.93
6538.93
6538.93
6538.93
6538.93
6538.93
6538.93
6538.93
6538.93
6538.93
6538.93
6538.93
6538.93
6538.93
6538.93
6538.93
6538.93
6538.93
6538.93
6538.93
6538.93
6538.93
6538.93
6538.93
6538.93
6538.93
6538.93
6538.93
6538.93
6538.93
6538.93
6538.93
6538.93
6538.93
6538.93
6538.93
6538.93
6538.93
6538.93
6538.93
6538.93
6538.93
6538.93
6538.93
6538.93
6538.93
6538.93
6538.93
6538.93
6538.93
6538.93
6538.93
6538.93
6538.93
6538.93
6538.93
6538.93
6538.93
6538.93
6538.93
6538.93
6538.93
6538.93
6538.93
6538.93
6538.93
6538.93
6538.93
6538.93
6538.93
6538.93
6538.93
6538.93
6538.93
6538.93
6538.93
6538.93
6538.93
6538.93
6538.93
6538.93
6538.93
6538.93
6538.93
6538.93
6538.93
6538.93
6538.93
6538.93
6538.93
6538.93
6538.93
6538.93
6538.93
6538.93
6538.93
6538.93
6538.93
6538.93
6538.93
6538.93
6538.93
6538.93
6538.93
6538.93
6538.93
6538.93
6538.93
6538.93
6538.93
6538.93
6538.93
6538.93
6538.93
6538.93
6538.93
6538.93
6538.93
6538.93
6538.93
6538.93
6538.93
6538.93
6538.93
6538.93
6538.93
6538.93
6538.93
6538.93
6538.93
6538.93
6538.93
6538.93
6538.93
6538.93
6538.93
6538.93
6538.93
6538.93
6538.93
6538.93
6538.93
6538.93
6538.93
6538.93
6538.93
6538.93
6538.93
6538.93
6538.93
6538.93
6538.93
6538.93
6538.93
6538.93
6538.93
6538.93
6538.93
6538.93
6538.93
6538.93
6538.93
6538.93
6538.93
6538.93
6538.93
6538.93
6538.93
6538.93
6538.93
6538.93
6538.93
6538.93
6538.93
6538.93
6538.93
6538.93
6538.93
6538.93
6538.93
6538.93
6538.93
6538.93
6538.93
6538.93
6538.93
6538.93
6538.93
6538.93
6538.93
6538.93
6538.93
6538.93
6538.93
6538.93
6538.93
6538.93
6538.93
6538.93
6538.93
6538.93
6538.93
6538.93
6538.93
6538.93
6538.93
6538.93
6538.93
6538.93
6538.93
6538.93
6538.93
6538.93
6538.93
6538.93
6538.93
6538.93
6538.93
6538.93
6538.93
6538.93
6538.93
6538.93
6538.93
6538.93
6538.93
6538.93
6538.93
6538.93
6538.93
6538.93
6538.93
6538.93
6538.93
6538.93
6538.93
6538.93
6538.93
6538.93
6538.93
6538.93
6538.93
6538.93
6538.93
6538.93
6538.93
6538.93
6538.93
6538.93
6538.93
6538.93
6538.93
6538.93
6538.93
6538.93
6538.93
6538.93
6538.93
6538.93
6538.93
6538.93
6538.93
6538.93
6538.93
6538.93
6538.93
6538.93
6538.93
6538.93
6538.93
6538.93
6538.93
6538.93
6538.93
6538.93
6538.93
6538.93
6538.93
6538.93
6538.93
6538.93
6538.93
6538.93
6538.93
6538.93
6538.93
6538.93
6538.93
6538.93
6538.93
6538.93
6538.93
6538.93
6538.93
6538.93
6538.93
6538.93
6538.93
6538.93
6538.93
6538.93
6538.93
6538.93
6538.93
6538.93
6538.93
6538.93
6538.93
6538.93
6538.93
6538.93
6538.93
6538.93
6538.93
6538.93
6538.93
6538.93
6538.93
6538.93
6538.93
6538.93
6538.93
6538.93
6538.93
6538.93
6538.93
6538.93
6538.93
6538.93
6538.93
6538.93
6538.93
6538.93
6538.93
6538.93
6538.93
6538.93
6538.93
6538.93
6538.93
6538.93
6538.93
6538.93
6538.93
6538.93
6538.93
6538.93
6538.93
6538.93
6538.93
6538.93
6538.93
6538.93
6538.93
6538.93
6538.93
6538.93
6538.93
6538.93
6538.93
6538.93
6538.93
6538.93
6538.93
6538.93
6538.93
6538.93
6538.93
6538.93
6538.93
6538.93
6538.93
6538.93
6538.93
6538.93
6538.93
6538.93
6538.93
6538.93
6538.93
6538.93
6538.93
6538.93
6538.93
6538.93
6538.93
6538.93
6538.93
6538.93
6538.93
6538.93
6538.93
6538.93
6538.93
6538.93
6538.93
6538.93
6538.93
6538.93
6538.93
6538.93
6538.93
6538.93
6538.93
6538.93
6538.93
6538.93
6538.93
6538.93
6538.93
6538.93
6538.93
6538.93
6538.93
6538.93
6538.93
6538.93
6538.93
6538.93
6538.93
6538.93
6538.93
6538.93
6538.93
6538.93
6538.93
6538.93
6538.93
6538.93
6538.93
6538.93
6538.93
6538.93
6538.93
6538.93
6538.93
6538.93
6538.93
6538.93
