2186.161387216
3292.2784626493
3985.5837039469
4523.1669844634
4991.7671602946
5464.1509650153
5997.6633215195
6602.3205447305
7210.2399748018
7723.0417587238
8096.2280797534
8348.2962025525
8518.2586630506
8638.1850910242
8728.2332865815
8799.8269154582
8859.2724557416
8910.1235334987
8954.4897571841
8993.7151479322
9028.7221605724
9060.1869358132
9088.6309411566
9114.4711407326
9138.0492233664
9159.6498823225
9179.5130724948
9197.8427380235
9214.8133251484
9230.574812661
9245.2566945485
9258.9711898792
9271.8158644828
9283.8757943746
9295.2253659018
9305.9297840172
9316.0463435057
9325.6255059513
9334.7118162754
9343.3446858771
9351.5590641749
9359.3860162626
9366.8532211863
9373.9854027837
9380.8047029917
9387.3310058729
9393.5822192744
9399.5745199464
9405.3225670451
9410.8396882163
9416.1380418382
9421.2287584966
9426.1220643441
9430.8273886293
9435.3534573902
9439.7083750398
9443.899695361
9447.9344832345
9451.8193682627
9455.560591313
9459.1640448795
9462.6353080551
9465.979676813
9469.2021902102
9472.3076530573
9475.3006555273
9478.1855901242
9480.9666663769
9483.6479235798
9486.2332418608
9488.7263518219
9491.1308429641
9493.4501710814
9495.6876647824
9497.8465312784
9499.9298615532
9501.9406350164
9503.8817237255
9505.7558962484
9507.5658212286
9509.3140707021
9511.0031232108
9512.6353667447
9514.2131015441
9515.7385427855
9517.2138231664
9518.6409954092
9520.022034692
9521.3588410172
9522.6532415258
9523.9069927599
9525.12178288
9526.2992338377
9527.4409035063
9528.5482877706
9529.6228225743
9530.6658859288
9531.6787998786
9532.662832426
9533.6191994142
9534.5490663664
9535.4535502824
9536.3337213916
9537.1906048602
9538.0251824555
9538.8383941641
9539.6311397655
9540.4042803598
9541.1586398515
9541.8950063874
9542.6141337506
9543.3167427094
9544.0035223235
9544.675131207
9545.3321987476
9545.9753262862
9546.6050882535
9547.222033268
9547.8266851936
9548.4195441602
9549.0010875454
9549.5717709215
9550.1320289655
9550.6822763362
9551.222908517
9551.7543026266
9552.2768181984
9552.7907979301
9553.2965684032
9553.7944407746
9554.2847114409
9554.7676626763
9555.2435632451
9555.7126689896
9556.1752233942
9556.6314581275
9557.0815935618
9557.5258392715
9557.9643945119
9558.3974486784
9558.8251817462
9559.2477646931
9559.6653599042
9560.0781215609
9560.4861960127
9560.8897221353
9561.2888316728
9561.6836495655
9562.0742942664
9562.4608780419
9562.8435072618
9563.2222826768
9563.597299685
9563.9686485861
9564.336414827
9564.7006792352
9565.0615182441
9565.419004108
9565.7732051084
9566.1241857521
9566.4720069601
9566.8167262495
9567.1583979071
9567.4970731563
9567.8328003165
9568.1656249558
9568.4955900373
9568.8227360595
9569.1471011899
9569.4687213938
9569.7876305569
9570.1038606028
9570.4174416052
9570.7284018961
9571.0367681678
9571.3425655715
9571.645817811
9571.9465472327
9572.2447749109
9572.5405207298
9572.8338034614
9573.1246408402
9573.4130496335
9573.6990457102
9573.9826441044
9574.263859077
9574.5427041745
9574.8191922841
9575.0933356871
9575.3651461088
9575.6346347665
9575.9018124145
9576.1666893872
9576.4292756401
9576.689580788
9576.9476141414
9577.2033847414
9577.4569013921
9577.7081726912
9577.957207059
9578.2040127659
9578.4485979577
9578.69097068
9578.9311389005
9579.1691105306
9579.4048934442
9579.6384954973
9579.8699245444
9580.0991884548
9580.3262951272
9580.5512525034
9580.7740685812
9580.9947514256
9581.2133091797
9581.4297500744
9581.644082437
9581.8563146995
9582.0664554057
9582.2745132173
9582.4804969199
9582.6844154281
9582.8862777892
9583.0860931879
9583.2838709486
9583.479620538
9583.6733515676
9583.8650737949
9584.0547971245
9584.2425316085
9584.4282874472
9584.612074988
9584.7939047258
9584.9737873013
9585.1517335
9585.3277542507
9585.5018606234
9585.6740638272
9585.844375208
9586.0128062462
9586.1793685529
9586.3440738681
9586.5069340564
9586.6679611045
9586.8271671172
9586.9845643137
9587.1401650241
9587.2939816853
9587.4460268373
9587.5963131187
9587.744853263
9587.8916600939
9588.036746522
9588.1801255393
9588.3218102154
9588.4618136935
9588.6001491856
9588.736829968
9588.8718693776
9589.0052808065
9589.1370776986
9589.2672735447
9589.3958818783
9589.5229162713
9589.6483903299
9589.7723176902
9589.8947120137
9590.0155869841
9590.1349563022
9590.2528336823
9590.3692328487
9590.4841675306
9590.5976514595
9590.7096983648
9590.82032197
9590.9295359894
9591.0373541241
9591.1437900591
9591.2488574594
9591.3525699667
9591.4549411964
9591.5559847339
9591.6557141321
9591.7541429081
9591.8512845401
9591.9471524646
9592.0417600739
9592.1351207129
9592.227247677
9592.3181542091
9592.4078534972
9592.4963586725
9592.5836828063
9592.6698389084
9592.7548399249
9592.8386987357
9592.9214281529
9593.0030409187
9593.0835497037
9593.1629671048
9593.2413056442
9593.318577767
9593.3947958399
9593.4699721503
9593.5441189038
9593.6172482239
9593.6893721499
9593.7605026365
9593.830651552
9593.8998306774
9593.9680517058
9594.0353262406
9594.1016657955
9594.167081793
9594.2315855642
9594.2951883474
9594.3579012881
9594.419735438
9594.4807017545
9594.5408111002
9594.6000742425
9594.6585018533
9594.7161045083
9594.7728926868
9594.8288767719
9594.8840670494
9594.9384737083
9594.9921068405
9595.0449764406
9595.0970924058
9595.1484645359
9595.1991025334
9595.2490160037
9595.2982144545
9595.3467072967
9595.3945038441
9595.4416133137
9595.4880448258
9595.5338074044
9595.5789099772
9595.6233613763
9595.6671703379
9595.7103455033
9595.7528954186
9595.7948285358
9595.8361532125
9595.8768777126
9595.917010207
9595.9565587737
9595.9955313984
9596.033935975
9596.071780306
9596.1090721035
9596.1458189888
9596.1820284939
9596.2177080619
9596.2528650469
9596.2875067153
9596.3216402462
9596.3552727322
9596.3884111793
9596.4210625086
9596.453233556
9596.4849310737
9596.5161617297
9596.5469321103
9596.5772487186
9596.6071179769
9596.6365462263
9596.6655397281
9596.6941046644
9596.7222471382
9596.749973175
9596.7772887225
9596.8041996523
9596.8307117599
9596.8568307662
9596.8825623168
9596.9079119847
9596.9328852689
9596.9574875969
9596.9817243246
9597.0056007367
9597.0291220484
9597.0522934051
9597.075119884
9597.0976064939
9597.119758177
9597.1415798086
9597.1630761983
9597.1842520911
9597.205112167
9597.225661043
9597.2459032729
9597.2658433485
9597.2854856997
9597.3048346961
9597.323894647
9597.3426698022
9597.3611643528
9597.3793824322
9597.3973281158
9597.415005423
9597.4324183168
9597.4495707049
9597.4664664405
9597.4831093227
9597.499503097
9597.5156514566
9597.5315580424
9597.5472264439
9597.5626602
9597.577862799
9597.5928376802
9597.6075882337
9597.6221178012
9597.6364296772
9597.6505271085
9597.6644132959
9597.6780913941
9597.6915645126
9597.7048357161
9597.7179080253
9597.7307844172
9597.7434678259
9597.7559611431
9597.7682672186
9597.7803888608
9597.7923288376
9597.8040898762
9597.8156746647
9597.8270858516
9597.8383260469
9597.8493978224
9597.8603037124
9597.8710462141
9597.8816277881
9597.8920508589
9597.9023178152
9597.9124310108
9597.9223927648
9597.9322053623
9597.9418710542
9597.9513920586
9597.9607705609
9597.9700087138
9597.9791086384
9597.9880724243
9597.9969021301
9598.0055997838
9598.0141673833
9598.0226068969
9598.0309202635
9598.0391093931
9598.0471761673
9598.0551224395
9598.0629500356
9598.0706607542
9598.0782563669
9598.0857386189
9598.0931092292
9598.1003698909
9598.1075222722
9598.1145680158
9598.1215087399
9598.1283460382
9598.135081481
9598.1417166143
9598.1482529612
9598.1546920219
9598.1610352738
9598.1672841722
9598.1734401503
9598.1795046198
9598.1854789708
9598.1913645729
9598.1971627746
9598.202874904
9598.2085022693
9598.2140461588
9598.2195078413
9598.2248885664
9598.2301895647
9598.2354120481
9598.2405572101
9598.2456262263
9598.2506202542
9598.2555404338
9598.2603878879
9598.2651637219
9598.2698690247
9598.2745048685
9598.2790723093
9598.2835723868
9598.2880061251
9598.2923745325
9598.2966786019
9598.3009193113
9598.3050976237
9598.3092144872
9598.3132708357
9598.3172675888
9598.3212056518
9598.3250859165
9598.3289092609
9598.3326765496
9598.336388634
9598.3400463525
9598.3436505306
9598.3472019814
9598.3507015052
9598.3541498904
9598.3575479131
9598.3608963375
9598.3641959162
9598.3674473905
9598.3706514899
9598.373808933
9598.3769204272
9598.3799866692
9598.3830083451
9598.3859861303
9598.3889206901
9598.391812679
9598.3946627422
9598.3974715146
9598.4002396213
9598.4029676781
9598.4056562912
9598.4083060574
9598.4109175644
9598.4134913909
9598.4160281068
9598.4185282731
9598.4209924423
9598.4234211583
9598.4258149567
9598.428174365
9598.4304999024
9598.4327920801
9598.4350514018
9598.437278363
9598.4394734519
9598.4416371491
9598.4437699277
9598.4458722539
9598.4479445862
9598.4499873765
9598.4520010696
9598.4539861035
9598.4559429092
9598.4578719115
9598.4597735285
9598.4616481717
9598.4634962466
9598.4653181521
9598.4671142814
9598.4688850213
9598.4706307528
9598.472351851
9598.4740486853
9598.4757216194
9598.4773710114
9598.4789972139
9598.4806005742
9598.4821814339
9598.4837401297
9598.4852769932
9598.4867923506
9598.4882865233
9598.4897598276
9598.4912125751
9598.4926450726
9598.4940576221
9598.495450521
9598.4968240621
9598.4981785339
9598.4995142204
9598.5008314008
9598.5021303508
9598.503411341
9598.5046746389
9598.5059205068
9598.5071492037
9598.5083609844
9598.5095560997
9598.5107347968
9598.5118973189
9598.5130439057
9598.5141747928
9598.5152902126
9598.5163903939
9598.5174755618
9598.518545938
9598.519601741
9598.5206431858
9598.521670484
9598.5226838442
9598.5236834717
9598.5246695686
9598.525642334
9598.5266019639
9598.5275486514
9598.5284825866
9598.5294039565
9598.5303129455
9598.5312097352
9598.5320945042
9598.5329674286
9598.5338286816
9598.5346784341
9598.5355168538
9598.5363441065
9598.5371603551
9598.5379657601
9598.5387604794
9598.5395446689
9598.5403184817
9598.5410820688
9598.5418355788
9598.5425791582
9598.5433129509
9598.544037099
9598.5447517423
9598.5454570186
9598.5461530632
9598.5468400098
9598.5475179898
9598.5481871329
9598.5488475664
9598.549499416
9598.5501428053
9598.5507778562
9598.5514046887
9598.5520234208
9598.552634169
9598.5532370478
9598.5538321701
9598.5544196471
9598.5549995882
9598.5555721012
9598.5561372924
9598.5566952662
9598.5572461257
9598.5577899724
9598.5583269061
9598.5588570252
9598.5593804267
9598.559897206
9598.5604074573
9598.5609112729
9598.5614087442
9598.561899961
9598.5623850117
9598.5628639835
9598.5633369623
9598.5638040325
9598.5642652776
9598.5647207795
9598.565170619
9598.5656148756
9598.5660536277
9598.5664869527
9598.5669149266
9598.5673376242
9598.5677551193
9598.5681674846
9598.5685747919
9598.5689771115
9598.569374513
9598.5697670648
9598.5701548342
9598.5705378879
9598.570916291
9598.5712901081
9598.5716594029
9598.5720242375
9598.5723846738
9598.5727407724
9598.5730925932
9598.5734401949
9598.5737836358
9598.5741229727
9598.5744582623
9598.5747895599
9598.5751169201
9598.5754403969
9598.5757600431
9598.5760759113
9598.5763880528
9598.5766965184
9598.5770013579
9598.5773026208
9598.5776003555
9598.5778946098
9598.5781854308
9598.578472865
9598.578756958
9598.5790377548
9598.5793152999
9598.5795896371
9598.5798608093
9598.5801288592
9598.5803938284
9598.5806557583
9598.5809146893
9598.5811706617
9598.5814237148
9598.5816738874
9598.581921218
9598.5821657441
9598.582407503
9598.5826465315
9598.5828828655
9598.5831165405
9598.5833475918
9598.583576054
9598.5838019609
9598.5840253462
9598.584246243
9598.5844646839
9598.5846807009
9598.5848943258
9598.5851055897
9598.5853145235
9598.5855211574
9598.5857255212
9598.5859276445
9598.5861275562
9598.5863252849
9598.5865208588
9598.5867143058
9598.5869056532
9598.5870949279
9598.5872821566
9598.5874673656
9598.5876505805
9598.5878318269
9598.5880111301
9598.5881885146
9598.5883640049
9598.588537625
9598.5887093988
9598.5888793494
9598.5890475
9598.5892138733
9598.5893784918
9598.5895413773
9598.5897025518
9598.5898620367
9598.5900198532
9598.590176022
9598.5903305637
9598.5904834987
9598.5906348468
9598.5907846279
9598.5909328613
9598.5910795662
9598.5912247614
9598.5913684657
9598.5915106972
9598.5916514743
9598.5917908147
9598.5919287359
9598.5920652554
9598.5922003903
9598.5923341574
9598.5924665734
9598.5925976547
9598.5927274175
9598.5928558777
9598.5929830511
9598.5931089532
9598.5932335994
9598.5933570045
9598.5934791837
9598.5936001515
9598.5937199226
9598.5938385111
9598.593955931
9598.5940721964
9598.5941873209
9598.594301318
9598.5944142009
9598.5945259831
9598.5946366773
9598.5947462964
9598.594854853
9598.5949623595
9598.5950688282
9598.5951742713
9598.5952787006
9598.595382128
9598.595484565
9598.5955860233
9598.595686514
9598.5957860484
9598.5958846374
9598.5959822919
9598.5960790227
9598.5961748404
9598.5962697553
9598.5963637778
9598.596456918
9598.5965491859
9598.5966405915
9598.5967311445
9598.5968208546
9598.5969097312
9598.5969977838
9598.5970850215
9598.5971714535
9598.5972570889
9598.5973419365
9598.5974260051
9598.5975093034
9598.5975918399
9598.597673623
9598.5977546612
9598.5978349625
9598.5979145352
9598.5979933872
9598.5980715263
9598.5981489605
9598.5982256975
9598.5983017447
9598.59837711
9598.5984518003
9598.5985258232
9598.5985991859
9598.5986718954
9598.5987439589
9598.5988153833
9598.5988861754
9598.5989563419
9598.5990258897
9598.5990948252
9598.5991631549
9598.5992308855
9598.5992980229
9598.5993645738
9598.5994305442
9598.5994959402
9598.5995607679
9598.5996250331
9598.599688742
9598.5997519002
9598.5998145133
9598.5998765873
9598.5999381274
9598.5999991394
9598.6000596288
9598.6001196009
9598.6001790609
9598.6002380143
9598.6002964661
9598.6003544216
9598.6004118858
9598.6004688635
9598.60052536
9598.6005813798
9598.6006369281
9598.6006920094
9598.6007466285
9598.6008007901
9598.6008544987
9598.6009077589
9598.6009605751
9598.6010129519
9598.6010648935
9598.6011164043
9598.6011674886
9598.6012181506
9598.6012683944
9598.6013182242
9598.6013676441
9598.601416658
9598.6014652699
9598.6015134838
9598.6015613037
9598.6016087332
9598.6016557762
9598.6017024364
9598.6017487176
9598.6017946233
9598.6018401574
9598.6018853231
9598.6019301242
9598.6019745641
9598.6020186463
9598.6020623742
9598.6021057511
9598.6021487804
9598.6021914654
9598.6022338093
9598.6022758154
9598.6023174867
9598.6023588267
9598.6023998381
9598.6024405244
9598.6024808882
9598.6025209329
9598.6025606612
9598.6026000761
9598.6026391806
9598.6026779776
9598.6027164697
9598.6027546599
9598.602792551
9598.6028301456
9598.6028674467
9598.6029044566
9598.6029411782
9598.6029776141
9598.6030137669
9598.6030496391
9598.6030852333
9598.603120552
9598.6031555976
9598.6031903727
9598.6032248798
9598.603259121
9598.6032930989
9598.6033268159
9598.6033602742
9598.6033934762
9598.603426424
9598.6034591201
9598.6034915665
9598.6035237655
9598.6035557194
9598.6035874302
9598.6036189001
9598.6036501312
9598.6036811256
9598.6037118853
9598.6037424125
9598.603772709
9598.603802777
9598.6038326185
9598.6038622353
9598.6038916295
9598.6039208029
9598.6039497574
9598.603978495
9598.6040070175
9598.6040353267
9598.6040634244
9598.6040913125
9598.6041189928
9598.604146467
9598.6041737368
9598.6042008041
9598.6042276705
9598.6042543377
9598.6042808073
9598.6043070812
9598.6043331609
9598.604359048
9598.6043847441
9598.6044102508
9598.6044355699
9598.6044607026
9598.6044856507
9598.6045104157
9598.6045349991
9598.6045594024
9598.604583627
9598.6046076746
9598.6046315464
9598.604655244
9598.6046787689
9598.6047021222
9598.6047253057
9598.6047483206
9598.6047711682
9598.60479385
9598.6048163673
9598.6048387213
9598.6048609136
9598.6048829453
9598.6049048178
9598.6049265323
9598.6049480902
9598.6049694927
9598.6049907409
9598.6050118363
9598.60503278
9598.6050535731
9598.6050742169
9598.6050947128
9598.6051150616
9598.6051352647
9598.6051553233
9598.6051752384
9598.6051950112
9598.6052146428
9598.6052341343
9598.6052534869
9598.6052727016
9598.6052917796
9598.6053107218
9598.6053295294
9598.6053482034
9598.6053667449
9598.6053851548
9598.6054034343
9598.6054215843
9598.6054396059
9598.6054575
9598.6054752676
9598.6054929099
9598.6055104274
9598.6055278215
9598.6055450929
9598.6055622428
9598.6055792719
9598.6055961812
9598.6056129716
9598.6056296441
9598.6056461996
9598.6056626388
9598.6056789628
9598.6056951725
9598.6057112685
9598.605727252
9598.6057431236
9598.6057588843
9598.605774535
9598.6057900763
9598.6058055091
9598.6058208344
9598.6058360528
9598.6058511653
9598.6058661725
9598.6058810754
9598.6058958746
9598.6059105709
9598.6059251652
9598.6059396581
9598.6059540505
9598.6059683431
9598.6059825366
9598.6059966319
9598.6060106295
9598.6060245302
9598.606038335
9598.6060520441
9598.6060656585
9598.606079179
9598.6060926062
9598.6061059407
9598.6061191833
9598.6061323347
9598.6061453953
9598.6061583663
9598.6061712477
9598.6061840407
9598.6061967457
9598.6062093634
9598.6062218944
9598.6062343394
9598.606246699
9598.6062589736
9598.6062711644
9598.6062832715
9598.6062952956
9598.6063072374
9598.6063190975
9598.6063308766
9598.6063425749
9598.6063541934
9598.6063657325
9598.6063771927
9598.6063885747
9598.606399879
9598.6064111063
9598.606422257
9598.6064333316
9598.6064443308
9598.6064552552
9598.6064661051
9598.6064768812
9598.606487584
9598.6064982141
9598.6065087719
9598.6065192579
9598.6065296727
9598.6065400168
9598.6065502907
9598.6065604948
9598.6065706298
9598.606580696
9598.606590694
9598.6066006243
9598.6066104874
9598.6066202837
9598.6066300135
9598.6066396777
9598.6066492764
9598.6066588102
9598.6066682797
9598.606677685
9598.6066870269
9598.6066963057
9598.6067055218
9598.6067146758
9598.6067237679
9598.6067327989
9598.6067417689
9598.6067506784
9598.6067595279
9598.6067683178
9598.6067770485
9598.6067857204
9598.6067943339
9598.6068028895
9598.6068113876
9598.6068198285
9598.6068282126
9598.6068365404
9598.6068448123
9598.6068530286
9598.6068611896
9598.606869296
9598.6068773479
9598.6068853457
9598.60689329
9598.6069011809
9598.606909019
9598.6069168045
9598.6069245378
9598.6069322193
9598.6069398494
9598.6069474284
9598.6069549567
9598.6069624345
9598.6069698623
9598.6069772405
9598.6069845692
9598.606991849
9598.6069990801
9598.6070062628
9598.6070133976
9598.6070204847
9598.6070275245
9598.6070345173
9598.6070414634
9598.6070483631
9598.6070552168
9598.6070620247
9598.6070687872
9598.6070755046
9598.6070821773
9598.6070888054
9598.6070953894
9598.6071019296
9598.607108426
9598.6071148794
9598.6071212897
9598.6071276573
9598.6071339824
9598.6071402655
9598.6071465067
9598.6071527067
9598.6071588651
9598.6071649827
9598.6071710596
9598.6071770961
9598.6071830924
9598.607189049
9598.607194966
9598.6072008436
9598.6072066821
9598.607212482
9598.6072182433
9598.6072239662
9598.6072296513
9598.6072352986
9598.6072409085
9598.6072464811
9598.6072520168
9598.6072575157
9598.6072629782
9598.6072684044
9598.6072737947
9598.6072791493
9598.6072844683
9598.6072897522
9598.607295001
9598.607300215
9598.6073053945
9598.6073105397
9598.6073156508
9598.6073207281
9598.6073257718
9598.6073307821
9598.6073357592
9598.6073407035
9598.6073456149
9598.6073504939
9598.6073553407
9598.6073601553
9598.6073649382
9598.6073696894
9598.6073744092
9598.6073790978
9598.6073837554
9598.6073883823
9598.6073929786
9598.6073975444
9598.6074020802
9598.607406586
9598.6074110621
9598.6074155085
9598.6074199256
9598.6074243135
9598.6074286725
9598.6074330028
9598.6074373044
9598.6074415776
9598.6074458226
9598.6074500397
9598.607454229
9598.6074583905
9598.6074625247
9598.6074666316
9598.6074707114
9598.6074747643
9598.6074787905
9598.6074827901
9598.6074867634
9598.6074907105
9598.6074946316
9598.6074985268
9598.6075023965
9598.6075062405
9598.6075100592
9598.6075138529
9598.6075176215
9598.6075213653
9598.6075250845
9598.6075287792
9598.6075324495
9598.6075360958
9598.6075397179
9598.6075433163
9598.607546891
9598.6075504421
9598.6075539699
9598.6075574745
9598.6075609559
9598.6075644145
9598.6075678505
9598.6075712637
9598.6075746545
9598.607578023
9598.6075813694
9598.6075846937
9598.6075879962
9598.6075912771
9598.6075945363
9598.607597774
9598.6076009906
9598.607604186
9598.6076073603
9598.6076105138
9598.6076136467
9598.6076167589
9598.6076198507
9598.6076229221
9598.6076259734
9598.6076290046
9598.607632016
9598.6076350075
9598.6076379794
9598.6076409318
9598.6076438648
9598.6076467786
9598.6076496732
9598.6076525488
9598.6076554056
9598.6076582436
9598.607661063
9598.6076638638
9598.6076666463
9598.6076694105
9598.6076721565
9598.6076748847
9598.6076775948
9598.6076802872
9598.6076829619
9598.607685619
9598.6076882588
9598.6076908812
9598.6076934864
9598.6076960746
9598.6076986458
9598.6077012001
9598.6077037376
9598.6077062586
9598.607708763
9598.6077112509
9598.6077137225
9598.607716178
9598.6077186173
9598.6077210407
9598.6077234482
9598.6077258399
9598.6077282159
9598.6077305764
9598.6077329213
9598.6077352509
9598.6077375653
9598.6077398645
9598.6077421486
9598.6077444178
9598.6077466721
9598.6077489116
9598.6077511364
9598.6077533467
9598.6077555426
9598.6077577239
9598.607759891
9598.607762044
9598.6077641829
9598.6077663076
9598.6077684186
9598.6077705156
9598.607772599
9598.6077746687
9598.6077767248
9598.6077787676
9598.6077807969
9598.6077828129
9598.6077848157
9598.6077868055
9598.6077887822
9598.607790746
9598.6077926968
9598.6077946349
9598.6077965605
9598.6077984733
9598.6078003737
9598.6078022615
9598.6078041371
9598.6078060003
9598.6078078514
9598.6078096904
9598.6078115173
9598.6078133323
9598.6078151354
9598.6078169267
9598.6078187062
9598.6078204742
9598.6078222306
9598.6078239755
9598.6078257089
9598.6078274311
9598.6078291419
9598.6078308416
9598.6078325302
9598.6078342077
9598.6078358742
9598.6078375299
9598.6078391747
9598.6078408087
9598.607842432
9598.6078440448
9598.6078456471
9598.6078472388
9598.6078488201
9598.6078503911
9598.6078519518
9598.6078535023
9598.6078550427
9598.607856573
9598.6078580933
9598.6078596036
9598.6078611041
9598.6078625948
9598.6078640757
9598.6078655469
9598.6078670085
9598.6078684606
9598.6078699032
9598.6078713364
9598.6078727601
9598.6078741746
9598.6078755799
9598.6078769759
9598.6078783628
9598.6078797407
9598.6078811095
9598.6078824694
9598.6078838204
9598.6078851626
9598.607886496
9598.6078878208
9598.6078891368
9598.6078904443
9598.6078917432
9598.6078930336
9598.6078943156
9598.6078955891
9598.6078968545
9598.6078981115
9598.6078993603
9598.607900601
9598.6079018335
9598.607903058
9598.6079042745
9598.607905483
9598.6079066836
9598.6079078765
9598.6079090615
9598.6079102388
9598.6079114084
9598.6079125703
9598.6079137248
9598.6079148715
9598.6079160107
9598.6079171427
9598.6079182672
9598.6079193843
9598.6079204942
9598.6079215967
9598.6079226922
9598.6079237804
9598.6079248616
9598.6079259356
9598.6079270027
9598.6079280628
9598.607929116
9598.6079301623
9598.6079312017
9598.6079322343
9598.6079332603
9598.6079342796
9598.6079352921
9598.6079362981
9598.6079372975
9598.6079382903
9598.6079392768
9598.6079402566
9598.6079412302
9598.6079421973
9598.6079431582
9598.6079441129
9598.6079450612
9598.6079460034
9598.6079469395
9598.6079478693
9598.6079487932
9598.607949711
9598.6079506228
9598.6079515287
9598.6079524286
9598.6079533227
9598.6079542109
9598.6079550934
9598.6079559701
9598.607956841
9598.6079577063
9598.6079585659
9598.6079594199
9598.6079602683
9598.6079611112
9598.6079619486
9598.6079627805
9598.6079636071
9598.6079644282
9598.6079652439
9598.6079660543
9598.6079668594
9598.6079676593
9598.607968454
9598.6079692435
9598.6079700278
9598.6079708071
9598.6079715811
9598.6079723501
9598.6079731142
9598.6079738732
9598.6079746273
9598.6079753765
9598.6079761208
9598.6079768602
9598.6079775948
9598.6079783246
9598.6079790497
9598.60797977
9598.6079804857
9598.6079811966
9598.6079819028
9598.6079826046
9598.6079833017
9598.6079839942
9598.6079846822
9598.6079853658
9598.6079860449
9598.6079867196
9598.6079873899
9598.6079880558
9598.6079887173
9598.6079893746
9598.6079900275
9598.6079906761
9598.6079913206
9598.6079919608
9598.6079925969
9598.6079932288
9598.6079938566
9598.6079944803
9598.6079950999
9598.6079957155
9598.607996327
9598.6079969346
9598.6079975382
9598.6079981379
9598.6079987337
9598.6079993255
9598.6079999136
9598.6080004977
9598.608001078
9598.6080016547
9598.6080022275
9598.6080027966
9598.6080033619
9598.6080039236
9598.6080044816
9598.608005036
9598.6080055867
9598.6080061338
9598.6080066775
9598.6080072175
9598.608007754
9598.608008287
9598.6080088166
9598.6080093427
9598.6080098653
9598.6080103846
9598.6080109004
9598.6080114129
9598.608011922
9598.6080124279
9598.6080129305
9598.6080134297
9598.6080139257
9598.6080144184
9598.608014908
9598.6080153943
9598.6080158775
9598.6080163575
9598.6080168344
9598.6080173082
9598.6080177789
9598.6080182465
9598.6080187111
9598.6080191727
9598.6080196312
9598.6080200867
9598.6080205393
9598.6080209889
9598.6080214356
9598.6080218794
9598.6080223202
9598.6080227583
9598.6080231933
9598.6080236257
9598.6080240551
9598.6080244818
9598.6080249057
9598.6080253269
9598.6080257452
9598.608026161
9598.6080265739
9598.6080269841
9598.6080273917
9598.6080277966
9598.6080281989
9598.6080285985
9598.6080289955
9598.60802939
9598.608029782
9598.6080301713
9598.608030558
9598.6080309423
9598.6080313241
9598.6080317033
9598.6080320801
9598.6080324545
9598.6080328263
9598.6080331958
9598.6080335629
9598.6080339275
9598.6080342898
9598.6080346497
9598.6080350073
9598.6080353626
9598.6080357155
9598.6080360661
9598.6080364144
9598.6080367605
9598.6080371044
9598.6080374459
9598.6080377853
9598.6080381224
9598.6080384573
9598.6080387901
9598.6080391205
9598.608039449
9598.6080397753
9598.6080400995
9598.6080404215
9598.6080407415
9598.6080410593
9598.6080413751
9598.6080416888
9598.6080420004
9598.6080423101
9598.6080426177
9598.6080429233
9598.6080432269
9598.6080435285
9598.6080438283
9598.608044126
9598.6080444217
9598.6080447156
9598.6080450075
9598.6080452975
9598.6080455856
9598.6080458719
9598.6080461563
9598.6080464388
9598.6080467195
9598.6080469984
9598.6080472754
9598.6080475507
9598.6080478241
9598.6080480958
9598.6080483657
9598.6080486337
9598.6080489002
9598.6080491647
9598.6080494277
9598.6080496889
9598.6080499484
9598.6080502062
9598.6080504623
9598.6080507167
9598.6080509696
9598.6080512207
9598.6080514702
9598.6080517181
9598.6080519644
9598.608052209
9598.6080524521
9598.6080526935
9598.6080529334
9598.6080531718
9598.6080534085
9598.6080536438
9598.6080538775
9598.6080541097
9598.6080543404
9598.6080545696
9598.6080547972
9598.6080550234
9598.6080552481
9598.6080554713
9598.6080556931
9598.6080559134
9598.6080561324
9598.6080563498
9598.6080565659
9598.6080567805
9598.6080569938
9598.6080572056
9598.6080574161
9598.6080576253
9598.608057833
9598.6080580393
9598.6080582443
9598.6080584481
9598.6080586505
9598.6080588515
9598.6080590513
9598.6080592497
9598.6080594469
9598.6080596427
9598.6080598373
9598.6080600306
9598.6080602227
9598.6080604135
9598.608060603
9598.6080607914
9598.6080609785
9598.6080611644
9598.608061349
9598.6080615324
9598.6080617147
9598.6080618958
9598.6080620757
9598.6080622544
9598.608062432
9598.6080626084
9598.6080627836
9598.6080629577
9598.6080631307
9598.6080633026
9598.6080634732
9598.6080636428
9598.6080638114
9598.6080639788
9598.6080641451
9598.6080643103
9598.6080644744
9598.6080646375
9598.6080647995
9598.6080649605
9598.6080651204
9598.6080652793
9598.6080654371
9598.6080655938
9598.6080657497
9598.6080659044
9598.6080660582
9598.608066211
9598.6080663627
9598.6080665135
9598.6080666633
9598.608066812
9598.6080669598
9598.6080671068
9598.6080672527
9598.6080673976
9598.6080675416
9598.6080676847
9598.6080678269
9598.6080679681
9598.6080681084
9598.6080682477
9598.6080683862
9598.6080685237
9598.6080686605
9598.6080687963
9598.6080689311
9598.6080690652
9598.6080691983
9598.6080693306
9598.608069462
9598.6080695925
9598.6080697222
9598.6080698511
9598.6080699791
9598.6080701063
9598.6080702327
9598.6080703582
9598.6080704829
9598.6080706068
9598.6080707299
9598.6080708522
9598.6080709737
9598.6080710944
9598.6080712143
9598.6080713335
9598.6080714518
9598.6080715694
9598.6080716862
9598.6080718023
9598.6080719175
9598.608072032
9598.6080721459
9598.608072259
9598.6080723713
9598.6080724829
9598.6080725938
9598.6080727039
9598.6080728133
9598.608072922
9598.60807303
9598.6080731372
9598.6080732438
9598.6080733497
9598.608073455
9598.6080735595
9598.6080736633
9598.6080737665
9598.608073869
9598.6080739708
9598.6080740719
9598.6080741724
9598.6080742722
9598.6080743715
9598.60807447
9598.6080745679
9598.6080746652
9598.6080747618
9598.6080748578
9598.6080749532
9598.608075048
9598.608075142
9598.6080752356
9598.6080753285
9598.6080754208
9598.6080755125
9598.6080756036
9598.6080756941
9598.608075784
9598.6080758733
9598.6080759621
9598.6080760502
9598.6080761379
9598.6080762249
9598.6080763114
9598.6080763973
9598.6080764826
9598.6080765674
9598.6080766516
9598.6080767354
9598.6080768184
9598.608076901
9598.6080769831
9598.6080770646
9598.6080771456
9598.608077226
9598.608077306
9598.6080773853
9598.6080774642
9598.6080775426
9598.6080776205
9598.6080776979
9598.6080777747
9598.608077851
9598.608077927
9598.6080780023
9598.6080780771
9598.6080781515
9598.6080782254
9598.6080782989
9598.6080783718
9598.6080784443
9598.6080785163
9598.6080785877
9598.6080786588
9598.6080787293
9598.6080787995
9598.6080788692
9598.6080789384
9598.6080790072
9598.6080790756
9598.6080791434
9598.6080792108
9598.6080792778
9598.6080793444
9598.6080794105
9598.6080794762
9598.6080795415
9598.6080796063
9598.6080796707
9598.6080797347
9598.6080797982
9598.6080798614
9598.6080799242
9598.6080799865
9598.6080800485
9598.60808011
9598.6080801711
9598.6080802318
9598.6080802922
9598.6080803521
9598.6080804116
9598.6080804708
9598.6080805296
9598.6080805879
9598.608080646
9598.6080807036
9598.6080807608
9598.6080808178
9598.6080808743
9598.6080809304
9598.6080809861
9598.6080810416
9598.6080810967
9598.6080811512
9598.6080812057
9598.6080812597
9598.6080813133
9598.6080813665
9598.6080814195
9598.6080814721
9598.6080815243
9598.6080815762
9598.6080816279
9598.6080816791
9598.60808173
9598.6080817805
9598.6080818308
9598.6080818806
9598.6080819303
9598.6080819795
9598.6080820284
9598.608082077
9598.6080821254
9598.6080821733
9598.608082221
9598.6080822684
9598.6080823155
9598.6080823622
9598.6080824087
9598.6080824547
9598.6080825006
9598.6080825461
9598.6080825914
9598.6080826364
9598.608082681
9598.6080827254
9598.6080827694
9598.6080828132
9598.6080828567
9598.6080828999
9598.6080829429
9598.6080829855
9598.6080830279
9598.6080830699
9598.6080831119
9598.6080831534
9598.6080831947
9598.6080832357
9598.6080832764
9598.6080833169
9598.6080833572
9598.6080833971
9598.6080834368
9598.6080834763
9598.6080835154
9598.6080835543
9598.608083593
9598.6080836314
9598.6080836696
9598.6080837075
9598.6080837452
9598.6080837826
9598.6080838198
9598.6080838567
9598.6080838934
9598.6080839299
9598.6080839661
9598.6080840021
9598.6080840378
9598.6080840734
9598.6080841086
9598.6080841437
9598.6080841785
9598.6080842131
9598.6080842475
9598.6080842817
9598.6080843156
9598.6080843493
9598.6080843828
9598.6080844161
9598.6080844491
9598.6080844819
9598.6080845146
9598.608084547
9598.6080845791
9598.6080846112
9598.608084643
9598.6080846745
9598.6080847059
9598.608084737
9598.608084768
9598.6080847987
9598.6080848293
9598.6080848597
9598.6080848898
9598.6080849198
9598.6080849495
9598.6080849792
9598.6080850085
9598.6080850377
9598.6080850666
9598.6080850955
9598.608085124
9598.6080851525
9598.6080851808
9598.6080852089
9598.6080852367
9598.6080852645
9598.608085292
9598.6080853193
9598.6080853465
9598.6080853735
9598.6080854003
9598.6080854269
9598.6080854534
9598.6080854797
9598.6080855058
9598.6080855317
9598.6080855574
9598.6080855831
9598.6080856086
9598.6080856338
9598.608085659
9598.6080856839
9598.6080857087
9598.6080857333
9598.6080857578
9598.6080857821
9598.6080858062
9598.6080858302
9598.608085854
9598.6080858777
9598.6080859012
9598.6080859246
9598.6080859478
9598.6080859709
9598.6080859938
9598.6080860166
9598.6080860392
9598.6080860616
9598.6080860839
9598.6080861061
9598.6080861282
9598.60808615
9598.6080861718
9598.6080861934
9598.6080862149
9598.6080862362
9598.6080862574
9598.6080862784
9598.6080862994
9598.6080863201
9598.6080863408
9598.6080863612
9598.6080863816
9598.6080864018
9598.6080864219
9598.6080864419
9598.6080864618
9598.6080864815
9598.6080865011
9598.6080865205
9598.6080865399
9598.6080865591
9598.6080865782
9598.6080865971
9598.6080866159
9598.6080866346
9598.6080866532
9598.6080866717
9598.6080866901
9598.6080867082
9598.6080867264
9598.6080867444
9598.6080867622
9598.60808678
9598.6080867976
9598.6080868151
9598.6080868326
9598.6080868498
9598.608086867
9598.6080868841
9598.6080869011
9598.6080869179
9598.6080869346
9598.6080869513
9598.6080869678
9598.6080869842
9598.6080870005
9598.6080870167
9598.6080870327
9598.6080870488
9598.6080870647
9598.6080870805
9598.6080870962
9598.6080871117
9598.6080871272
9598.6080871426
9598.6080871579
9598.6080871731
9598.6080871881
9598.6080872031
9598.6080872179
9598.6080872327
9598.6080872474
9598.608087262
9598.6080872765
9598.6080872909
9598.6080873052
9598.6080873194
9598.6080873336
9598.6080873476
9598.6080873615
9598.6080873754
9598.6080873891
9598.6080874028
9598.6080874163
9598.6080874299
9598.6080874433
9598.6080874566
9598.6080874698
9598.6080874829
9598.608087496
9598.608087509
9598.6080875219
9598.6080875346
9598.6080875474
9598.60808756
9598.6080875726
9598.6080875851
9598.6080875974
9598.6080876097
9598.608087622
9598.6080876341
9598.6080876462
9598.6080876582
9598.6080876701
9598.608087682
9598.6080876937
9598.6080877054
9598.6080877169
9598.6080877285
9598.60808774
9598.6080877513
9598.6080877626
9598.6080877739
9598.608087785
9598.6080877961
9598.6080878071
9598.6080878181
9598.608087829
9598.6080878397
9598.6080878505
9598.6080878611
9598.6080878717
9598.6080878822
9598.6080878926
9598.6080879031
9598.6080879134
9598.6080879236
9598.6080879338
9598.6080879439
9598.608087954
9598.608087964
